7.445652
5.291163
2.585455
11.467407
7.904906
16.709298
29.574310
37.329130
10.921111
35.723115
6.278169
14.689118
1.314337
27.266923
24.084286
10.019355
14.403514
29.100000
3.624400
60.154412
29.100000
1.405833
3.745417
6.169756
8.677662
2.807869
1.385429
44.002308
95.024107
25.323621
4.373429
5.860820
1.336104
21.786667
0.340000
19.850538
3.642727
14.125946
23.874828
7.305789
5.020286
2.324500
11.431837
8.066441
16.590889
29.816667
37.521724
10.771356
36.368421
6.073333
14.545000
1.025952
27.030758
24.011475
9.943043
14.710517
28.927458
3.475106
60.564194
28.805636
1.096049
4.194615
6.447015
9.168226
3.088571
1.256939
44.118000
95.018676
25.333699
4.179189
5.638667
1.473654
22.028261
0.340000
19.860357
3.599577
13.964500
23.596977
7.254658
5.031695
2.362500
10.899545
8.009524
16.703333
29.600769
37.484808
10.677391
35.954500
6.266023
15.016000
1.036032
27.481803
24.101818
9.419630
14.217500
29.098864
3.561389
60.496316
29.142381
1.126622
3.922000
6.215172
8.975507
3.095238
1.267187
44.280000
94.962000
25.355000
4.176545
5.833605
1.594167
21.989811
-0.010000
20.067255
3.559247
14.038889
23.861818
7.493333
4.811864
2.617385
11.290909
7.446939
16.468333
29.595000
37.204048
10.872051
35.638837
6.588375
14.694906
0.660000
27.271781
24.171739
10.000635
14.322667
29.429344
3.562500
60.165517
28.960727
1.313889
3.659048
5.872787
8.737882
3.091373
1.555055
44.530000
95.017885
25.302947
4.181892
5.647692
1.095741
22.339125
0.010000
19.867857
3.896667
13.927333
23.529184
7.605000
5.255833
2.616667
11.195246
7.699355
16.358000
29.595000
37.378310
11.167143
35.969180
6.525000
14.696250
1.032174
27.235532
24.076842
9.718243
14.378415
29.231053
3.558293
60.150000
29.157241
1.403378
3.918095
6.247000
8.802373
2.904416
1.834533
44.153810
94.757639
25.644737
3.903158
5.903521
1.415119
22.266094
-0.060000
19.894706
3.600000
13.696308
23.870000
7.445652
5.291163
2.585455
11.467407
7.904906
16.709298
29.574310
37.329130
10.921111
35.723115
6.278169
14.689118
1.314337
27.266923
24.084286
10.019355
14.403514
29.100000
3.624400
60.154412
29.100000
1.405833
3.745417
6.169756
8.677662
2.807869
1.385429
44.002308
95.024107
25.323621
4.373429
5.860820
1.336104
21.786667
0.340000
19.850538
3.642727
14.125946
23.874828
7.305789
5.020286
2.324500
11.431837
8.066441
16.590889
29.816667
37.521724
10.771356
36.368421
6.073333
14.545000
1.025952
27.030758
24.011475
9.943043
14.710517
28.927458
3.475106
60.564194
28.805636
1.096049
4.194615
6.447015
9.168226
3.088571
1.256939
44.118000
95.018676
25.333699
4.179189
5.638667
1.473654
22.028261
0.340000
19.860357
3.599577
13.964500
23.596977
7.254658
5.031695
2.362500
10.899545
8.009524
16.703333
29.600769
37.484808
10.677391
35.954500
6.266023
15.016000
1.036032
27.481803
24.101818
9.419630
14.217500
29.098864
3.561389
60.496316
29.142381
1.126622
3.922000
6.215172
8.975507
3.095238
1.267187
44.280000
94.962000
25.355000
4.176545
5.833605
1.594167
21.989811
-0.010000
20.067255
3.559247
14.038889
23.861818
7.493333
4.811864
2.617385
11.290909
7.446939
16.468333
29.595000
37.204048
10.872051
35.638837
6.588375
14.694906
0.660000
27.271781
24.171739
10.000635
14.322667
29.429344
3.562500
60.165517
28.960727
1.313889
3.659048
5.872787
8.737882
3.091373
1.555055
44.530000
95.017885
25.302947
4.181892
5.647692
1.095741
22.339125
0.010000
19.867857
3.896667
13.927333
23.529184
7.605000
5.255833
2.616667
11.195246
7.699355
16.358000
29.595000
37.378310
11.167143
35.969180
6.525000
14.696250
1.032174
27.235532
24.076842
9.718243
14.378415
29.231053
3.558293
60.150000
29.157241
1.403378
3.918095
6.247000
8.802373
2.904416
1.834533
44.153810
94.757639
25.644737
3.903158
5.903521
1.415119
22.266094
-0.060000
19.894706
3.600000
13.696308
23.870000
7.445652
5.291163
2.585455
11.467407
7.904906
16.709298
29.574310
37.329130
10.921111
35.723115
6.278169
14.689118
1.314337
27.266923
24.084286
10.019355
14.403514
29.100000
3.624400
60.154412
29.100000
1.405833
3.745417
6.169756
8.677662
2.807869
1.385429
44.002308
95.024107
25.323621
4.373429
5.860820
1.336104
21.786667
0.340000
19.850538
3.642727
14.125946
23.874828
7.305789
5.020286
2.324500
11.431837
8.066441
16.590889
29.816667
37.521724
10.771356
36.368421
6.073333
14.545000
1.025952
27.030758
24.011475
9.943043
14.710517
28.927458
3.475106
60.564194
28.805636
1.096049
4.194615
6.447015
9.168226
3.088571
1.256939
44.118000
95.018676
25.333699
4.179189
5.638667
1.473654
22.028261
0.340000
19.860357
3.599577
13.964500
23.596977
7.254658
5.031695
2.362500
10.899545
8.009524
16.703333
29.600769
37.484808
10.677391
35.954500
6.266023
15.016000
1.036032
27.481803
24.101818
9.419630
14.217500
29.098864
3.561389
60.496316
29.142381
1.126622
3.922000
6.215172
8.975507
3.095238
1.267187
44.280000
94.962000
25.355000
4.176545
5.833605
1.594167
21.989811
-0.010000
20.067255
3.559247
14.038889
23.861818
7.493333
4.811864
2.617385
11.290909
7.446939
16.468333
29.595000
37.204048
10.872051
35.638837
6.588375
14.694906
0.660000
27.271781
24.171739
10.000635
14.322667
29.429344
3.562500
60.165517
28.960727
1.313889
3.659048
5.872787
8.737882
3.091373
1.555055
44.530000
95.017885
25.302947
4.181892
5.647692
1.095741
22.339125
0.010000
19.867857
3.896667
13.927333
23.529184
7.605000
5.255833
2.616667
11.195246
7.699355
16.358000
29.595000
37.378310
11.167143
35.969180
6.525000
14.696250
1.032174
27.235532
24.076842
9.718243
14.378415
29.231053
3.558293
60.150000
29.157241
1.403378
3.918095
6.247000
8.802373
2.904416
1.834533
44.153810
94.757639
25.644737
3.903158
5.903521
1.415119
22.266094
-0.060000
19.894706
3.600000
13.696308
23.870000
7.445652
5.291163
2.585455
11.467407
7.904906
16.709298
29.574310
37.329130
10.921111
35.723115
6.278169
14.689118
1.314337
27.266923
24.084286
10.019355
14.403514
29.100000
3.624400
60.154412
29.100000
1.405833
3.745417
6.169756
8.677662
2.807869
1.385429
44.002308
95.024107
25.323621
4.373429
5.860820
1.336104
21.786667
0.340000
19.850538
3.642727
14.125946
23.874828
7.305789
5.020286
2.324500
11.431837
8.066441
16.590889
29.816667
37.521724
10.771356
36.368421
6.073333
14.545000
1.025952
27.030758
24.011475
9.943043
14.710517
28.927458
3.475106
60.564194
28.805636
1.096049
4.194615
6.447015
9.168226
3.088571
1.256939
44.118000
95.018676
25.333699
4.179189
5.638667
1.473654
22.028261
0.340000
19.860357
3.599577
13.964500
23.596977
7.254658
5.031695
2.362500
10.899545
8.009524
16.703333
29.600769
37.484808
10.677391
35.954500
6.266023
15.016000
1.036032
27.481803
24.101818
9.419630
14.217500
29.098864
3.561389
60.496316
29.142381
1.126622
3.922000
6.215172
8.975507
3.095238
1.267187
44.280000
94.962000
25.355000
4.176545
5.833605
1.594167
21.989811
-0.010000
20.067255
3.559247
14.038889
23.861818
7.493333
4.811864
2.617385
11.290909
7.446939
16.468333
29.595000
37.204048
10.872051
35.638837
6.588375
14.694906
0.660000
27.271781
24.171739
10.000635
14.322667
29.429344
3.562500
60.165517
28.960727
1.313889
3.659048
5.872787
8.737882
3.091373
1.555055
44.530000
95.017885
25.302947
4.181892
5.647692
1.095741
22.339125
0.010000
19.867857
3.896667
13.927333
23.529184
7.605000
5.255833
2.616667
11.195246
7.699355
16.358000
29.595000
37.378310
11.167143
35.969180
6.525000
14.696250
1.032174
27.235532
24.076842
9.718243
14.378415
29.231053
3.558293
60.150000
29.157241
1.403378
3.918095
6.247000
8.802373
2.904416
1.834533
44.153810
94.757639
25.644737
3.903158
5.903521
1.415119
22.266094
-0.060000
19.894706
3.600000
13.696308
23.870000
7.445652
5.291163
2.585455
11.467407
7.904906
16.709298
29.574310
37.329130
10.921111
35.723115
6.278169
14.689118
1.314337
27.266923
24.084286
10.019355
14.403514
29.100000
3.624400
60.154412
29.100000
1.405833
3.745417
6.169756
8.677662
2.807869
1.385429
44.002308
95.024107
25.323621
4.373429
5.860820
1.336104
21.786667
0.340000
19.850538
3.642727
14.125946
23.874828
7.305789
5.020286
2.324500
11.431837
8.066441
16.590889
29.816667
37.521724
10.771356
36.368421
6.073333
14.545000
1.025952
27.030758
24.011475
9.943043
14.710517
28.927458
3.475106
60.564194
28.805636
1.096049
4.194615
6.447015
9.168226
3.088571
1.256939
44.118000
95.018676
25.333699
4.179189
5.638667
1.473654
22.028261
0.340000
19.860357
3.599577
13.964500
23.596977
7.254658
5.031695
2.362500
10.899545
8.009524
16.703333
29.600769
37.484808
10.677391
35.954500
6.266023
15.016000
1.036032
27.481803
24.101818
9.419630
14.217500
29.098864
3.561389
60.496316
29.142381
1.126622
3.922000
6.215172
8.975507
3.095238
1.267187
44.280000
94.962000
25.355000
4.176545
5.833605
1.594167
21.989811
-0.010000
20.067255
3.559247
14.038889
23.861818
7.493333
4.811864
2.617385
11.290909
7.446939
16.468333
29.595000
37.204048
10.872051
35.638837
6.588375
14.694906
0.660000
27.271781
24.171739
10.000635
14.322667
29.429344
3.562500
60.165517
28.960727
1.313889
3.659048
5.872787
8.737882
3.091373
1.555055
44.530000
95.017885
25.302947
4.181892
5.647692
1.095741
22.339125
0.010000
19.867857
3.896667
13.927333
23.529184
7.605000
5.255833
2.616667
11.195246
7.699355
16.358000
29.595000
37.378310
11.167143
35.969180
6.525000
14.696250
1.032174
27.235532
24.076842
9.718243
14.378415
29.231053
3.558293
60.150000
29.157241
1.403378
3.918095
6.247000
8.802373
2.904416
1.834533
44.153810
94.757639
25.644737
3.903158
5.903521
1.415119
22.266094
-0.060000
19.894706
3.600000
13.696308
23.870000
7.445652
5.291163
2.585455
11.467407
7.904906
16.709298
29.574310
37.329130
10.921111
35.723115
6.278169
14.689118
1.314337
27.266923
24.084286
10.019355
14.403514
29.100000
3.624400
60.154412
29.100000
1.405833
3.745417
6.169756
8.677662
2.807869
1.385429
44.002308
95.024107
25.323621
4.373429
5.860820
1.336104
21.786667
0.340000
19.850538
3.642727
14.125946
23.874828
7.305789
5.020286
2.324500
11.431837
8.066441
16.590889
29.816667
37.521724
10.771356
36.368421
6.073333
14.545000
1.025952
27.030758
24.011475
9.943043
14.710517
28.927458
3.475106
60.564194
28.805636
1.096049
4.194615
6.447015
9.168226
3.088571
1.256939
44.118000
95.018676
25.333699
4.179189
5.638667
1.473654
22.028261
0.340000
19.860357
3.599577
13.964500
23.596977
7.254658
5.031695
2.362500
10.899545
8.009524
16.703333
29.600769
37.484808
10.677391
35.954500
6.266023
15.016000
1.036032
27.481803
24.101818
9.419630
14.217500
29.098864
3.561389
60.496316
29.142381
1.126622
3.922000
6.215172
8.975507
3.095238
1.267187
44.280000
94.962000
25.355000
4.176545
5.833605
1.594167
21.989811
-0.010000
20.067255
3.559247
14.038889
23.861818
7.493333
4.811864
2.617385
11.290909
7.446939
16.468333
29.595000
37.204048
10.872051
35.638837
6.588375
14.694906
0.660000
27.271781
24.171739
10.000635
14.322667
29.429344
3.562500
60.165517
28.960727
1.313889
3.659048
5.872787
8.737882
3.091373
1.555055
44.530000
95.017885
25.302947
4.181892
5.647692
1.095741
22.339125
0.010000
19.867857
3.896667
13.927333
23.529184
7.605000
5.255833
2.616667
11.195246
7.699355
16.358000
29.595000
37.378310
11.167143
35.969180
6.525000
14.696250
1.032174
27.235532
24.076842
9.718243
14.378415
29.231053
3.558293
60.150000
29.157241
1.403378
3.918095
6.247000
8.802373
2.904416
1.834533
44.153810
94.757639
25.644737
3.903158
5.903521
1.415119
22.266094
-0.060000
19.894706
3.600000
13.696308
23.870000
7.445652
5.291163
2.585455
11.467407
7.904906
16.709298
29.574310
37.329130
10.921111
35.723115
6.278169
14.689118
1.314337
27.266923
24.084286
10.019355
14.403514
29.100000
3.624400
60.154412
29.100000
1.405833
3.745417
6.169756
8.677662
2.807869
1.385429
44.002308
95.024107
25.323621
4.373429
5.860820
1.336104
21.786667
0.340000
19.850538
3.642727
14.125946
23.874828
7.305789
5.020286
2.324500
11.431837
8.066441
16.590889
29.816667
37.521724
10.771356
36.368421
6.073333
14.545000
1.025952
27.030758
24.011475
9.943043
14.710517
28.927458
3.475106
60.564194
28.805636
1.096049
4.194615
6.447015
9.168226
3.088571
1.256939
44.118000
95.018676
25.333699
4.179189
5.638667
1.473654
22.028261
0.340000
19.860357
3.599577
13.964500
23.596977
7.254658
5.031695
2.362500
10.899545
8.009524
16.703333
29.600769
37.484808
10.677391
35.954500
6.266023
15.016000
1.036032
27.481803
24.101818
9.419630
14.217500
29.098864
3.561389
60.496316
29.142381
1.126622
3.922000
6.215172
8.975507
3.095238
1.267187
44.280000
94.962000
25.355000
4.176545
5.833605
1.594167
21.989811
-0.010000
20.067255
3.559247
14.038889
23.861818
7.493333
4.811864
2.617385
11.290909
7.446939
16.468333
29.595000
37.204048
10.872051
35.638837
6.588375
14.694906
0.660000
27.271781
24.171739
10.000635
14.322667
29.429344
3.562500
60.165517
28.960727
1.313889
3.659048
5.872787
8.737882
3.091373
1.555055
44.530000
95.017885
25.302947
4.181892
5.647692
1.095741
22.339125
0.010000
19.867857
3.896667
13.927333
23.529184
7.605000
5.255833
2.616667
11.195246
7.699355
16.358000
29.595000
37.378310
11.167143
35.969180
6.525000
14.696250
1.032174
27.235532
24.076842
9.718243
14.378415
29.231053
3.558293
60.150000
29.157241
1.403378
3.918095
6.247000
8.802373
2.904416
1.834533
44.153810
94.757639
25.644737
3.903158
5.903521
1.415119
22.266094
-0.060000
19.894706
3.600000
13.696308
23.870000
7.445652
5.291163
2.585455
11.467407
7.904906
16.709298
29.574310
37.329130
10.921111
35.723115
6.278169
14.689118
1.314337
27.266923
24.084286
10.019355
14.403514
29.100000
3.624400
60.154412
29.100000
1.405833
3.745417
6.169756
8.677662
2.807869
1.385429
44.002308
95.024107
25.323621
4.373429
5.860820
1.336104
21.786667
0.340000
19.850538
3.642727
14.125946
23.874828
7.305789
5.020286
2.324500
11.431837
8.066441
16.590889
29.816667
37.521724
10.771356
36.368421
6.073333
14.545000
1.025952
27.030758
24.011475
9.943043
14.710517
28.927458
3.475106
60.564194
28.805636
1.096049
4.194615
6.447015
9.168226
3.088571
1.256939
44.118000
95.018676
25.333699
4.179189
5.638667
1.473654
22.028261
0.340000
19.860357
3.599577
13.964500
23.596977
7.254658
5.031695
2.362500
10.899545
8.009524
16.703333
29.600769
37.484808
10.677391
35.954500
6.266023
15.016000
1.036032
27.481803
24.101818
9.419630
14.217500
29.098864
3.561389
60.496316
29.142381
1.126622
3.922000
6.215172
8.975507
3.095238
1.267187
44.280000
94.962000
25.355000
4.176545
5.833605
1.594167
21.989811
-0.010000
20.067255
3.559247
14.038889
23.861818
7.493333
4.811864
2.617385
11.290909
7.446939
16.468333
29.595000
37.204048
10.872051
35.638837
6.588375
14.694906
0.660000
27.271781
24.171739
10.000635
14.322667
29.429344
3.562500
60.165517
28.960727
1.313889
3.659048
5.872787
8.737882
3.091373
1.555055
44.530000
95.017885
25.302947
4.181892
5.647692
1.095741
22.339125
0.010000
19.867857
3.896667
13.927333
23.529184
7.605000
5.255833
2.616667
11.195246
7.699355
16.358000
29.595000
37.378310
11.167143
35.969180
6.525000
14.696250
1.032174
27.235532
24.076842
9.718243
14.378415
29.231053
3.558293
60.150000
29.157241
1.403378
3.918095
6.247000
8.802373
2.904416
1.834533
44.153810
94.757639
25.644737
3.903158
5.903521
1.415119
22.266094
-0.060000
19.894706
3.600000
13.696308
23.870000
7.445652
5.291163
2.585455
11.467407
7.904906
16.709298
29.574310
37.329130
10.921111
35.723115
6.278169
14.689118
1.314337
27.266923
24.084286
10.019355
14.403514
29.100000
3.624400
60.154412
29.100000
1.405833
3.745417
6.169756
8.677662
2.807869
1.385429
44.002308
95.024107
25.323621
4.373429
5.860820
1.336104
21.786667
0.340000
19.850538
3.642727
14.125946
23.874828
7.305789
5.020286
2.324500
11.431837
8.066441
16.590889
29.816667
37.521724
10.771356
36.368421
6.073333
14.545000
1.025952
27.030758
24.011475
9.943043
14.710517
28.927458
3.475106
60.564194
28.805636
1.096049
4.194615
6.447015
9.168226
3.088571
1.256939
44.118000
95.018676
25.333699
4.179189
5.638667
1.473654
22.028261
0.340000
19.860357
3.599577
13.964500
23.596977
7.254658
5.031695
2.362500
10.899545
8.009524
16.703333
29.600769
37.484808
10.677391
35.954500
6.266023
15.016000
1.036032
27.481803
24.101818
9.419630
14.217500
29.098864
3.561389
60.496316
29.142381
1.126622
3.922000
6.215172
8.975507
3.095238
1.267187
44.280000
94.962000
25.355000
4.176545
5.833605
1.594167
21.989811
-0.010000
20.067255
3.559247
14.038889
23.861818
7.493333
4.811864
2.617385
11.290909
7.446939
16.468333
29.595000
37.204048
10.872051
35.638837
6.588375
14.694906
0.660000
27.271781
24.171739
10.000635
14.322667
29.429344
3.562500
60.165517
28.960727
1.313889
3.659048
5.872787
8.737882
3.091373
1.555055
44.530000
95.017885
25.302947
4.181892
5.647692
1.095741
22.339125
0.010000
19.867857
3.896667
13.927333
23.529184
7.605000
5.255833
2.616667
11.195246
7.699355
16.358000
29.595000
37.378310
11.167143
35.969180
6.525000
14.696250
1.032174
27.235532
24.076842
9.718243
14.378415
29.231053
3.558293
60.150000
29.157241
1.403378
3.918095
6.247000
8.802373
2.904416
1.834533
44.153810
94.757639
25.644737
3.903158
5.903521
1.415119
22.266094
-0.060000
19.894706
3.600000
13.696308
23.870000
7.445652
5.291163
2.585455
11.467407
7.904906
16.709298
29.574310
37.329130
10.921111
35.723115
6.278169
14.689118
1.314337
27.266923
24.084286
10.019355
14.403514
29.100000
3.624400
60.154412
29.100000
1.405833
3.745417
6.169756
8.677662
2.807869
1.385429
44.002308
95.024107
25.323621
4.373429
5.860820
1.336104
21.786667
0.340000
19.850538
3.642727
14.125946
23.874828
7.305789
5.020286
2.324500
11.431837
8.066441
16.590889
29.816667
37.521724
10.771356
36.368421
6.073333
14.545000
1.025952
27.030758
24.011475
9.943043
14.710517
28.927458
3.475106
60.564194
28.805636
1.096049
4.194615
6.447015
9.168226
3.088571
1.256939
44.118000
95.018676
25.333699
4.179189
5.638667
1.473654
22.028261
0.340000
19.860357
3.599577
13.964500
23.596977
7.254658
5.031695
2.362500
10.899545
8.009524
16.703333
29.600769
37.484808
10.677391
35.954500
6.266023
15.016000
1.036032
27.481803
24.101818
9.419630
14.217500
29.098864
3.561389
60.496316
29.142381
1.126622
3.922000
6.215172
8.975507
3.095238
1.267187
44.280000
94.962000
25.355000
4.176545
5.833605
1.594167
21.989811
-0.010000
20.067255
3.559247
14.038889
23.861818
7.493333
4.811864
2.617385
11.290909
7.446939
16.468333
29.595000
37.204048
10.872051
35.638837
6.588375
14.694906
0.660000
27.271781
24.171739
10.000635
14.322667
29.429344
3.562500
60.165517
28.960727
1.313889
3.659048
5.872787
8.737882
3.091373
1.555055
44.530000
95.017885
25.302947
4.181892
5.647692
1.095741
22.339125
0.010000
19.867857
3.896667
13.927333
23.529184
7.605000
5.255833
2.616667
11.195246
7.699355
16.358000
29.595000
37.378310
11.167143
35.969180
6.525000
14.696250
1.032174
27.235532
24.076842
9.718243
14.378415
29.231053
3.558293
60.150000
29.157241
1.403378
3.918095
6.247000
8.802373
2.904416
1.834533
44.153810
94.757639
25.644737
3.903158
5.903521
1.415119
22.266094
-0.060000
19.894706
3.600000
13.696308
23.870000
7.445652
5.291163
2.585455
11.467407
7.904906
16.709298
29.574310
37.329130
10.921111
35.723115
6.278169
14.689118
1.314337
27.266923
24.084286
10.019355
14.403514
29.100000
3.624400
60.154412
29.100000
1.405833
3.745417
6.169756
8.677662
2.807869
1.385429
44.002308
95.024107
25.323621
4.373429
5.860820
1.336104
21.786667
0.340000
19.850538
3.642727
14.125946
23.874828
7.305789
5.020286
2.324500
11.431837
8.066441
16.590889
29.816667
37.521724
10.771356
36.368421
6.073333
14.545000
1.025952
27.030758
24.011475
9.943043
14.710517
28.927458
3.475106
60.564194
28.805636
1.096049
4.194615
6.447015
9.168226
3.088571
1.256939
44.118000
95.018676
25.333699
4.179189
5.638667
1.473654
22.028261
0.340000
19.860357
3.599577
13.964500
23.596977
7.254658
5.031695
2.362500
10.899545
8.009524
16.703333
29.600769
37.484808
10.677391
35.954500
6.266023
15.016000
1.036032
27.481803
24.101818
9.419630
14.217500
29.098864
3.561389
60.496316
29.142381
1.126622
3.922000
6.215172
8.975507
3.095238
1.267187
44.280000
94.962000
25.355000
4.176545
5.833605
1.594167
21.989811
-0.010000
20.067255
3.559247
14.038889
23.861818
7.493333
4.811864
2.617385
11.290909
7.446939
16.468333
29.595000
37.204048
10.872051
35.638837
6.588375
14.694906
0.660000
27.271781
24.171739
10.000635
14.322667
29.429344
3.562500
60.165517
28.960727
1.313889
3.659048
5.872787
8.737882
3.091373
1.555055
44.530000
95.017885
25.302947
4.181892
5.647692
1.095741
22.339125
0.010000
19.867857
3.896667
13.927333
23.529184
7.605000
5.255833
2.616667
11.195246
7.699355
16.358000
29.595000
37.378310
11.167143
35.969180
6.525000
14.696250
1.032174
27.235532
24.076842
9.718243
14.378415
29.231053
3.558293
60.150000
29.157241
1.403378
3.918095
6.247000
8.802373
2.904416
1.834533
44.153810
94.757639
25.644737
3.903158
5.903521
1.415119
22.266094
-0.060000
19.894706
3.600000
13.696308
23.870000
